19 20 21 23 24 25 28 26 true
56 58 60 63 66 69 69 true
3 6 7 8 11 15 true
50 53 55 58 63 true
39 41 42 45 42 44 46 false
22 25 27 26 25 false
54 57 54 55 55 false
50 51 48 49 51 55 false
20 23 26 29 28 31 36 false
27 30 31 32 32 33 true
38 41 42 42 40 false
78 80 81 84 87 87 87 false
7 9 10 10 14 false
29 30 30 31 33 35 41 false
50 53 54 58 59 61 63 false
6 9 11 15 17 16 false
2 4 7 8 12 13 13 false
83 84 86 90 94 false
3 5 9 10 11 17 false
41 43 48 49 50 51 52 false
25 28 34 35 38 41 44 42 false
40 42 44 51 54 56 57 57 false
67 70 76 78 81 85 false
6 7 9 12 17 18 20 27 false
37 36 39 40 41 44 45 true
47 46 47 48 50 53 55 54 false
10 8 10 11 14 15 15 false
74 73 74 75 79 false
50 48 51 54 57 59 62 67 false
75 73 74 73 74 77 false
32 29 30 33 36 33 30 false
35 32 31 34 37 39 39 false
21 18 20 22 25 23 25 29 false
27 26 27 26 28 30 33 39 false
55 54 54 56 59 false
58 57 58 58 59 62 63 60 false
32 29 29 32 33 33 false
89 87 87 89 93 false
68 66 69 69 70 71 74 81 false
77 74 78 80 83 84 87 true
6 5 8 9 13 14 11 false
86 84 85 87 90 94 94 false
52 50 52 54 55 59 63 false
77 75 78 82 88 false
20 18 19 22 27 30 false
22 19 20 23 28 30 29 false
33 30 32 35 42 44 44 false
36 35 41 43 46 47 49 53 false
60 57 59 66 67 70 73 79 false
78 78 79 80 81 82 85 true
18 18 21 22 23 25 26 25 false
90 90 92 94 96 96 false
79 79 80 82 84 88 false
7 7 9 12 13 18 false
37 37 40 38 41 44 47 false
71 71 74 71 69 false
82 82 84 87 90 91 88 88 false
53 53 50 53 57 false
63 63 60 63 64 65 71 false
63 63 65 66 66 69 70 71 false
34 34 36 36 37 40 43 41 false
49 49 52 53 56 59 59 59 false
86 86 86 87 91 false
72 72 73 75 75 80 false
45 45 48 51 55 58 false
57 57 58 62 65 67 68 67 false
30 30 32 36 36 false
53 53 55 58 62 66 false
29 29 33 34 35 37 39 45 false
4 4 9 12 14 false
79 79 84 86 88 91 90 false
64 64 70 73 73 false
62 62 69 71 72 76 false
67 67 70 75 78 84 false
70 74 76 79 80 83 85 88 true
66 70 71 72 75 78 79 77 false
30 34 37 40 43 46 46 false
33 37 39 40 41 43 47 false
67 71 73 74 80 false
6 10 11 14 16 14 16 false
3 7 5 6 5 false
57 61 62 64 62 64 67 67 false
44 48 50 51 52 49 53 false
43 47 44 47 50 53 58 false
54 58 60 60 63 false
30 34 34 36 39 41 42 39 false
49 53 55 55 57 60 60 false
77 81 81 82 86 false
28 32 35 35 37 39 44 false
36 40 41 44 48 49 false
39 43 44 48 51 53 52 false
44 48 51 52 56 59 60 60 false
44 48 52 55 59 false
12 16 20 22 25 27 34 false
54 58 59 64 65 68 69 72 false
21 25 28 29 36 39 36 false
21 25 27 29 32 35 40 40 false
78 82 87 89 90 94 false
33 37 39 45 47 48 51 58 false
74 79 82 83 85 true
29 35 38 40 42 39 false
59 65 68 69 70 72 75 75 false
9 15 18 21 23 26 30 false
8 14 16 18 20 21 28 false
57 63 66 69 68 71 74 false
59 64 66 68 70 67 64 false
11 16 18 17 20 22 23 23 false
13 18 15 18 19 20 22 26 false
47 53 54 55 52 55 62 false
67 73 74 77 77 80 83 86 false
79 86 86 88 85 false
37 44 44 46 48 51 51 false
10 15 18 20 20 21 22 26 false
17 24 25 25 28 33 false
64 71 74 78 81 82 85 86 false
23 28 30 34 35 33 false
24 29 33 35 35 false
59 65 68 72 76 false
5 11 13 15 19 21 23 28 false
17 24 30 31 34 37 38 false
38 43 46 47 53 55 54 false
43 50 52 55 62 62 false
55 62 65 67 68 73 77 false
44 50 56 57 58 64 false
87 84 81 79 76 74 77 false
89 86 85 82 81 81 true
31 30 27 26 25 24 21 17 false
62 59 57 56 53 47 false
36 33 31 28 31 30 false
44 42 41 39 38 36 37 40 false
42 41 40 38 41 39 39 false
76 74 72 74 73 69 false
39 36 37 35 33 32 27 false
39 36 34 34 31 28 25 true
66 65 63 63 66 false
77 76 76 73 73 false
77 75 75 74 71 69 67 63 false
42 40 37 35 33 33 30 24 false
56 53 50 46 45 false
28 26 24 20 19 17 18 false
75 73 71 70 69 68 64 64 false
37 36 32 30 28 24 false
75 73 72 68 66 65 58 false
63 61 59 58 55 53 47 44 false
84 82 79 76 75 68 66 67 false
97 95 93 87 87 false
70 69 66 61 57 false
43 41 39 37 36 30 27 22 false
71 73 70 69 66 63 61 60 true
71 72 69 68 71 false
41 43 41 40 40 false
52 53 51 49 45 false
95 96 93 90 89 83 false
57 58 61 59 58 56 54 52 false
74 77 74 76 79 false
93 95 94 93 91 93 92 92 false
31 32 31 33 32 28 false
73 76 79 78 77 72 false
40 41 41 40 37 36 33 false
48 50 48 47 45 45 48 false
26 28 25 23 21 21 18 18 false
35 38 37 36 35 35 31 false
96 98 97 97 96 89 false
28 29 27 26 22 19 18 16 false
85 88 87 83 81 84 false
92 94 90 89 89 false
17 19 16 12 8 false
41 43 40 36 29 false
50 53 50 48 47 40 38 36 false
29 32 25 22 25 false
96 97 94 89 87 86 83 83 false
80 82 76 73 69 false
36 39 38 37 36 31 24 false
68 68 67 64 61 true
40 40 39 37 34 36 false
90 90 89 86 86 false
52 52 51 49 47 45 42 38 false
25 25 22 20 14 false
90 90 88 90 88 85 false
37 37 34 35 33 36 false
30 30 27 24 23 22 25 25 false
99 99 97 96 95 93 95 91 false
77 77 80 78 77 74 67 false
38 38 37 34 34 31 28 false
39 39 38 37 37 34 33 35 false
24 24 22 22 19 18 18 false
29 29 29 28 25 21 false
57 57 56 55 55 48 false
88 88 85 81 79 78 false
28 28 27 25 21 19 17 19 false
10 10 7 6 2 2 false
21 21 19 15 13 10 8 4 false
60 60 58 57 54 50 49 42 false
81 81 79 74 71 68 67 66 false
36 36 34 31 30 24 21 24 false
15 15 12 10 8 2 1 1 false
20 20 17 14 7 3 false
77 77 76 70 67 65 62 57 false
29 25 24 22 19 18 15 true
77 73 71 70 69 71 false
29 25 22 19 18 18 false
37 33 32 30 29 26 23 19 false
57 53 52 50 49 47 40 false
88 84 81 84 83 80 79 76 false
47 43 40 38 36 35 36 38 false
40 36 33 31 34 32 32 false
70 66 69 67 66 63 59 false
72 68 67 65 63 60 63 56 false
89 85 83 83 81 79 77 false
15 11 10 7 7 4 3 6 false
88 84 82 82 81 78 78 false
85 81 79 77 77 76 72 false
68 64 62 62 60 53 false
52 48 44 41 38 36 33 31 false
73 69 66 65 61 58 56 59 false
29 25 22 18 16 16 false
89 85 82 78 75 74 73 69 false
31 27 26 22 21 16 false
36 32 31 26 24 false
84 80 73 70 68 71 false
55 51 50 47 42 39 38 38 false
27 23 21 15 11 false
61 57 55 48 42 false
34 29 28 27 24 21 20 18 true
28 23 22 21 20 17 15 16 false
92 85 83 80 78 77 77 false
47 42 39 38 37 36 32 false
92 86 83 81 78 76 73 68 false
46 41 42 40 37 35 32 29 false
24 18 21 20 19 16 17 false
23 18 21 19 19 false
86 80 83 81 78 76 75 71 false
99 93 94 92 90 83 false
69 63 62 61 59 59 57 54 false
53 46 45 44 44 46 false
41 35 34 33 33 33 false
66 61 61 58 56 52 false
96 90 87 86 86 84 83 78 false
66 60 56 54 52 49 47 false
50 43 41 37 35 37 false
98 93 89 88 87 84 82 82 false
25 18 17 14 12 8 6 2 false
52 45 44 42 40 37 33 27 false
93 87 80 78 76 false
53 48 41 38 40 false
82 77 74 73 67 67 false
59 53 51 45 41 false
97 90 88 85 79 72 false
31 32 35 36 37 40 38 true
10 11 13 15 18 19 19 true
64 65 66 67 71 true
32 34 35 38 41 42 48 true
18 20 22 20 22 false
68 71 72 73 74 72 69 false
10 13 14 13 13 false
5 8 5 6 7 11 false
1 3 5 4 10 false
37 40 43 43 46 true
66 68 68 70 69 false
79 80 83 83 84 87 87 false
19 21 21 23 27 false
12 15 15 18 21 23 26 33 false
56 57 61 63 65 66 false
76 77 79 82 83 87 86 true
50 52 56 58 61 61 false
41 43 45 48 52 56 false
53 56 60 61 66 false
17 20 22 25 28 34 37 false
62 65 68 75 76 79 82 81 false
46 47 50 56 56 false
36 39 41 48 52 false
13 16 21 24 26 29 36 false
57 55 56 58 59 62 65 68 true
5 3 5 7 8 10 7 false
10 8 9 12 13 15 15 false
53 51 54 55 56 58 59 63 false
64 63 65 66 69 71 76 false
60 58 59 57 58 59 62 false
73 72 73 74 75 78 75 74 false
74 72 71 72 75 77 77 false
66 65 68 71 68 69 70 74 false
37 36 39 41 42 40 46 false
70 67 67 70 71 73 false
53 52 55 58 58 60 61 58 false
97 95 96 96 97 97 false
50 48 49 49 50 54 false
31 30 32 35 35 42 false
32 29 30 32 36 37 39 42 false
16 13 14 18 20 21 18 false
26 25 28 31 34 38 41 41 false
50 49 53 54 55 57 59 63 false
84 81 84 88 95 false
50 48 51 54 56 63 65 66 false
26 23 25 26 32 33 36 34 false
7 5 11 13 15 15 false
63 61 63 70 74 false
48 46 49 52 55 61 66 false
49 49 50 53 56 59 62 64 true
26 26 28 30 32 33 36 35 false
12 12 13 14 16 17 17 false
30 30 32 34 35 39 false
19 19 22 23 25 27 32 false
92 92 90 91 94 false
64 64 62 64 66 67 64 false
69 69 71 68 68 false
47 47 45 46 47 48 52 false
81 81 78 79 80 85 false
81 81 81 82 84 false
36 36 36 39 40 38 false
58 58 61 63 65 65 68 68 false
41 41 41 42 46 false
76 76 78 78 85 false
42 42 43 47 48 49 false
29 29 30 34 33 false
70 70 74 76 78 78 false
85 85 86 90 94 false
79 79 80 84 90 false
34 34 36 42 44 false
63 63 66 69 72 73 79 78 false
37 37 44 46 48 51 53 53 false
44 44 45 46 51 55 false
32 32 38 39 42 49 false
61 65 66 69 72 75 77 78 true
3 7 8 9 12 10 false
56 60 62 64 65 66 66 false
63 67 70 73 75 76 80 false
76 80 82 83 84 89 false
18 22 25 28 25 26 29 false
1 5 8 9 11 14 11 8 false
66 70 71 73 72 73 76 76 false
29 33 32 33 36 37 39 43 false
1 5 3 4 6 12 false
44 48 49 52 55 58 58 59 false
33 37 38 39 39 42 41 false
33 37 38 38 38 false
53 57 57 59 60 61 65 false
35 39 40 40 46 false
27 31 35 36 38 41 43 45 false
7 11 13 17 18 17 false
39 43 44 45 49 50 50 false
66 70 73 76 77 81 83 87 false
29 33 36 40 47 false
86 90 96 97 99 false
66 70 72 74 81 84 86 83 false
79 83 85 90 92 95 95 false
16 20 22 25 26 31 34 38 false
52 56 57 58 60 65 67 74 false
62 67 70 71 72 73 true
63 70 72 74 72 false
16 22 23 25 28 31 33 33 false
9 15 17 20 22 24 26 30 false
5 12 15 18 21 26 false
64 70 72 75 72 75 false
45 52 53 52 53 50 false
53 60 58 59 60 62 63 63 false
68 75 76 79 80 79 83 false
20 25 27 24 31 false
60 66 67 69 72 72 75 76 false
49 55 55 56 55 false
35 40 43 46 46 48 48 false
40 47 47 48 49 53 false
80 87 87 90 95 false
5 12 13 17 18 21 22 false
36 42 46 49 46 false
29 36 39 42 46 47 47 false
60 65 66 68 69 73 77 false
27 32 36 38 44 false
74 80 82 83 85 87 93 94 false
40 45 48 49 51 57 55 false
80 86 91 94 95 98 98 false
43 48 54 56 59 62 63 67 false
67 74 77 82 87 false
53 52 51 50 47 50 false
51 50 48 45 44 43 43 true
64 61 58 55 53 51 50 46 false
53 52 49 47 45 43 42 37 false
59 57 56 53 54 53 52 true
66 64 62 64 67 false
8 7 5 3 1 4 4 false
74 72 70 67 66 67 63 false
62 59 62 59 53 false
96 95 93 91 91 89 87 85 true
77 75 72 71 71 72 false
11 8 8 7 7 false
92 91 88 88 86 84 80 false
56 53 50 50 43 false
78 75 73 69 68 false
75 72 69 65 66 false
21 20 16 13 13 false
33 31 28 24 23 22 20 16 false
40 37 35 32 28 23 false
75 74 71 70 69 67 61 58 false
39 38 36 30 32 false
41 40 38 32 29 29 false
68 66 65 59 57 53 false
67 66 61 59 56 54 47 false
39 40 37 36 35 33 30 true
18 20 17 16 13 10 7 9 false
79 82 81 79 76 76 false
14 15 14 12 9 8 6 2 false
88 89 87 86 84 78 false
86 87 88 87 84 83 false
42 44 47 44 42 44 false
64 67 65 67 67 false
92 93 95 94 92 88 false
14 15 17 15 14 13 10 4 false
42 45 44 43 43 41 false
20 21 20 20 23 false
30 32 30 29 28 25 25 25 false
24 25 24 24 20 false
52 54 54 51 50 44 false
88 90 88 85 81 78 77 false
62 63 59 56 54 55 false
62 64 60 59 59 false
93 94 91 87 83 false
46 48 46 42 39 32 false
91 93 87 86 84 82 false
32 33 31 29 23 21 19 22 false
35 36 33 30 25 24 21 21 false
46 49 48 46 41 39 35 false
56 57 50 49 43 false
22 22 21 18 15 13 true
39 39 38 35 38 false
99 99 97 96 95 92 90 90 false
21 21 19 16 14 10 false
99 99 96 94 89 false
74 74 76 73 72 70 68 65 false
39 39 37 36 37 38 false
23 23 21 24 21 21 false
76 76 78 75 72 70 67 63 false
75 75 78 76 74 68 false
96 96 93 90 90 87 false
38 38 36 33 31 31 33 false
77 77 75 73 73 71 68 68 false
18 18 17 17 14 10 false
35 35 34 34 33 32 31 24 false
56 56 52 50 48 45 44 42 false
78 78 77 76 75 71 72 false
77 77 74 70 67 65 65 false
36 36 33 29 25 false
59 59 58 55 51 44 false
64 64 61 54 51 49 47 false
92 92 91 84 85 false
95 95 94 92 90 88 83 83 false
71 71 65 62 60 58 55 51 false
85 85 83 76 75 73 70 64 false
51 47 45 44 43 42 41 true
69 65 64 61 63 false
11 7 5 2 1 1 false
31 27 26 25 21 false
38 34 33 30 24 false
47 43 41 38 39 38 36 false
70 66 68 67 69 false
74 70 71 69 68 68 false
91 87 85 82 80 83 79 false
58 54 51 49 52 45 false
56 52 49 48 48 47 false
42 38 35 35 37 false
16 12 10 7 7 5 5 false
14 10 8 8 7 6 5 1 false
34 30 27 27 22 false
25 21 18 17 16 12 11 false
34 30 26 23 24 false
44 40 37 35 31 31 false
67 63 60 57 56 52 48 false
60 56 52 50 48 43 false
96 92 90 88 82 79 false
64 60 57 50 48 47 45 46 false
33 29 24 23 20 20 false
39 35 32 31 28 22 20 16 false
81 77 76 74 73 70 65 58 false
76 70 69 67 64 61 true
52 46 43 41 39 37 40 false
63 57 54 53 51 49 47 47 false
47 41 39 37 33 false
58 53 52 51 50 48 42 false
38 33 36 34 33 false
75 69 71 69 67 65 66 false
35 28 27 25 23 25 23 23 false
17 12 9 8 7 4 5 1 false
96 89 88 89 86 80 false
51 45 43 42 42 39 38 36 false
26 19 18 16 16 17 false
60 55 54 52 51 49 49 49 false
88 82 80 80 77 75 71 false
46 41 41 38 32 false
55 50 46 43 41 39 37 false
50 43 39 37 36 33 36 false
17 11 9 7 3 3 false
36 31 28 24 23 22 18 false
86 79 75 72 71 68 66 60 false
79 73 72 65 63 62 60 58 false
77 71 68 63 60 63 false
79 72 66 64 64 false
46 40 33 31 28 25 21 false
98 93 92 89 87 86 79 73 false
99 94 91 89 87 86 81 false
47 45 48 49 50 51 53 53 false
2 4 3 3 2 2 false
79 76 75 77 77 false
72 72 74 72 73 false
77 77 76 77 74 74 false
29 25 24 23 22 22 false
69 65 63 60 56 52 false
53 59 64 67 70 73 73 false
90 86 85 83 79 77 77 false
29 30 36 39 41 39 false
29 33 34 35 33 38 false
69 67 68 71 70 74 false
7 6 7 6 7 false
9 9 11 16 23 false
69 74 78 80 82 82 false
37 34 38 40 44 false
11 12 10 8 7 9 5 false
21 25 30 33 34 31 false
69 63 61 58 57 56 56 55 false
64 65 71 73 73 false
59 63 65 68 69 70 70 false
29 25 21 18 15 9 false
48 46 51 54 53 false
92 91 89 82 82 false
32 28 23 21 20 15 false
82 87 90 93 95 96 95 99 false
58 58 62 63 63 false
8 8 10 13 13 14 20 false
18 11 4 2 3 false
35 37 35 33 32 30 29 24 false
31 32 33 36 40 43 44 44 false
83 90 90 93 94 95 95 false
22 23 20 19 19 false
94 93 90 87 83 80 73 false
61 63 66 72 73 74 75 82 false
58 58 57 51 48 46 42 false
80 77 79 76 75 68 false
84 82 83 83 85 87 87 false
60 54 52 51 50 53 52 52 false
48 44 43 46 43 39 false
39 41 43 44 43 45 46 true
96 96 94 93 91 91 90 84 false
64 70 71 75 78 81 false
9 9 12 14 15 16 true
47 40 38 36 32 30 false
44 49 51 54 54 57 61 false
89 86 88 91 98 false
87 87 84 83 82 84 82 false
13 17 24 27 29 32 34 36 false
3 4 7 9 10 12 12 16 false
26 30 34 36 36 false
92 92 87 86 87 false
89 90 91 89 89 false
41 43 36 34 33 30 26 false
8 12 12 15 18 20 23 false
21 21 19 17 14 13 8 false
75 75 73 69 65 false
41 45 52 54 57 58 58 false
92 95 93 86 86 false
70 64 57 55 50 false
52 53 50 48 48 46 false
70 74 75 75 75 false
33 29 28 25 22 20 16 false
77 77 74 73 70 69 71 65 false
66 62 60 61 58 55 49 false
78 82 83 85 86 90 92 97 false
38 45 46 49 51 51 48 false
19 20 19 18 16 13 16 16 false
76 76 79 84 87 88 false
78 78 81 85 82 false
62 66 69 70 68 72 false
65 65 66 68 71 77 false
15 16 13 15 14 11 13 false
94 95 92 89 85 88 false
17 14 13 10 10 7 7 false
37 36 33 33 31 30 29 true
27 31 35 38 40 39 false
37 38 32 30 27 25 false
55 58 60 64 65 67 69 71 false
72 72 76 78 81 85 false
26 20 19 19 18 18 false
67 66 68 71 75 false
45 45 41 38 32 false
57 56 58 59 60 61 65 68 false
25 27 28 31 31 true
73 66 63 60 60 false
23 30 33 33 36 39 false
94 95 95 97 96 false
20 18 18 19 21 false
53 60 60 62 69 false
69 63 61 58 57 52 49 45 false
57 57 55 58 59 61 63 63 false
56 53 55 56 54 false
91 95 97 96 96 false
66 60 58 57 53 51 50 50 false
50 46 43 42 40 34 34 false
33 28 22 19 18 15 false
30 26 24 23 17 15 11 false
98 94 93 93 92 92 false
14 11 14 17 14 21 false
42 42 42 40 37 40 false
69 73 74 79 82 86 false
55 57 55 55 52 54 false
37 42 43 45 47 48 51 55 false
65 60 58 51 49 49 false
4 2 5 10 13 14 15 18 false
33 40 43 44 48 46 false
88 90 85 83 80 79 77 71 false
63 65 66 64 65 67 69 75 false
8 14 17 18 19 22 25 30 false
64 68 69 73 75 77 79 82 false
79 83 83 86 84 false
92 88 87 85 84 86 83 83 false
54 57 60 60 62 63 66 true
12 14 18 20 21 19 false
84 81 79 77 77 true
54 58 58 61 63 66 70 false
82 78 74 72 69 67 65 67 false
69 65 62 55 58 false
6 4 7 11 18 false
20 14 12 10 9 9 7 3 false
83 83 78 76 75 70 false
51 58 55 58 61 false
64 66 67 70 73 79 true
11 8 6 5 4 2 4 false
5 10 12 19 21 22 26 false
24 20 18 14 12 10 7 4 false
26 25 23 20 19 18 14 false
54 53 52 53 49 false
58 58 56 55 54 55 false
47 46 42 41 41 false
33 30 28 26 23 26 29 false
65 69 72 73 76 80 83 87 false
39 42 42 40 37 33 false
44 41 42 46 45 false
42 42 43 48 49 53 false
58 54 51 48 48 44 false
17 21 23 26 30 false
94 90 88 85 87 false
16 21 24 22 25 28 31 38 false
34 29 28 26 29 false
72 76 77 74 77 false
40 37 34 37 39 41 43 43 false
82 79 78 75 75 72 69 71 false
65 65 68 70 72 76 false
78 76 77 79 80 81 83 86 true
13 17 18 21 24 29 false
33 37 39 40 41 39 false
59 52 51 53 52 49 46 39 false
51 55 56 59 64 65 66 71 false
28 29 30 32 34 36 38 42 true
2 5 5 6 6 false
69 69 70 76 73 false
68 65 63 58 57 false
58 58 59 62 63 63 false
25 31 33 35 40 42 44 51 false
59 59 56 53 49 46 46 false
46 42 39 39 42 false
36 43 44 51 54 false
19 21 18 20 18 13 false
47 43 41 43 40 37 38 false
70 76 78 79 76 79 76 false
54 59 62 63 66 true
19 19 22 24 27 25 24 false
78 73 71 67 64 58 false
64 64 67 70 74 76 77 false
66 72 75 79 82 84 85 89 false
50 47 43 41 39 37 35 38 false
31 33 35 36 39 37 40 38 false
5 2 5 8 10 15 15 false
59 66 69 71 76 73 false
89 89 86 87 93 false
68 66 68 68 71 77 false
37 35 32 30 26 22 false
39 36 35 35 32 30 26 false
78 78 77 77 77 false
32 31 30 32 30 false
55 53 51 48 45 43 41 true
55 52 49 46 43 42 true
86 87 90 91 94 true
71 68 65 64 62 59 57 54 true
46 48 50 52 54 57 60 63 true
24 23 22 20 19 true
51 52 53 54 57 58 61 62 true
35 32 30 28 27 26 25 24 true
69 67 65 63 61 59 58 57 true
82 80 79 76 74 true
23 22 20 18 15 12 10 true
64 63 61 58 55 53 51 50 true
50 47 45 44 42 39 36 true
56 59 60 63 66 68 71 true
15 18 19 21 22 true
50 52 55 57 59 62 65 true
75 73 72 71 68 true
66 69 71 74 77 true
28 26 25 23 22 20 19 true
71 72 75 78 80 83 true
82 80 79 77 76 75 72 true
43 45 48 50 51 true
87 89 92 95 96 99 true
40 39 38 37 34 32 true
36 37 40 41 43 46 true
58 56 55 52 49 46 43 41 true
82 81 78 76 75 true
46 45 43 42 41 true
73 76 77 79 82 83 84 true
82 85 86 89 91 93 true
38 35 33 31 29 28 true
55 54 53 51 48 47 46 44 true
20 22 24 26 29 true
85 88 91 92 93 true
31 28 27 25 23 22 20 19 true
1 2 5 6 8 9 12 true
75 76 78 80 81 84 true
86 85 82 79 77 74 true
67 65 62 61 58 56 55 true
56 55 53 51 48 46 true
62 59 57 55 52 50 49 true
51 53 55 57 58 61 true
30 31 34 36 37 39 true
56 53 50 47 45 43 41 38 true
58 61 64 67 69 72 true
80 78 76 74 71 70 69 true
62 61 60 57 54 52 true
89 87 85 82 80 79 78 true
89 87 85 82 81 true
61 60 57 55 53 52 50 true
79 81 82 83 84 85 87 true
93 91 89 88 87 84 true
33 36 39 41 43 true
59 62 64 67 70 73 76 78 true
77 79 81 82 85 true
21 18 15 12 11 true
19 22 25 26 28 29 30 31 true
15 18 20 22 25 28 29 32 true
39 38 36 35 33 32 true
55 56 58 59 60 61 62 63 true
60 61 63 64 66 67 70 true
86 87 90 93 95 true
30 31 32 34 37 39 40 true
56 55 53 50 47 true
52 50 48 45 44 42 41 38 true
13 16 19 20 22 25 true
39 40 41 43 44 45 true
39 38 36 35 33 true
34 35 38 41 44 47 49 51 true
86 87 89 92 93 95 true
9 6 5 3 1 true
98 97 94 93 90 true
32 29 28 25 23 22 true
72 74 75 77 78 81 true
30 31 33 34 37 39 true
83 86 88 89 90 true
50 52 53 54 57 true
11 12 13 16 17 20 23 26 true
25 24 23 22 21 19 17 true
58 59 62 65 68 71 73 true
30 31 32 34 36 39 42 true
3 4 7 9 12 13 15 true
22 25 27 29 31 true
7 10 12 14 16 19 21 23 true
41 39 37 35 34 31 true
6 7 9 11 14 16 19 21 true
38 39 40 43 46 48 51 true
66 63 60 58 56 54 53 51 true
73 70 68 65 63 61 true
75 76 79 82 84 85 87 90 true
59 56 53 50 48 45 42 40 true
29 26 24 22 19 18 17 true
50 48 46 43 40 38 37 true
77 80 81 83 85 88 91 93 true
18 20 23 24 27 29 30 31 true
85 88 90 92 93 96 true
36 34 32 30 28 true
47 46 43 41 40 38 37 36 true
56 55 52 51 50 48 46 true
27 30 33 34 36 38 39 40 true
24 21 19 16 15 true
59 62 64 67 69 72 true
69 67 66 65 62 59 58 57 true
8 11 14 15 18 21 22 23 true
42 40 39 38 36 33 30 29 true
64 67 69 72 74 77 79 82 true
38 35 34 31 28 25 23 20 true
54 57 58 60 62 65 true
64 67 68 70 72 75 true
72 69 67 65 62 59 57 true
53 50 47 44 41 39 36 true
3 6 9 10 11 12 14 16 true
3 5 8 10 13 14 16 true
44 45 47 48 49 50 51 54 true
54 57 59 60 63 65 68 71 true
72 73 74 77 78 79 82 84 true
42 39 38 36 33 true
64 66 68 70 71 true
25 28 31 34 36 39 41 44 true
95 92 90 89 87 true
14 12 10 7 5 4 true
31 33 36 37 39 41 42 true
18 17 16 14 13 11 8 5 true
13 16 18 21 22 24 true
65 64 62 60 58 56 true
46 44 43 40 39 38 36 35 true
73 75 77 79 80 83 85 true
22 19 18 15 14 11 true
36 39 42 44 45 48 49 true
64 67 68 69 71 74 true
97 94 93 90 88 true
72 71 69 67 66 true
39 36 33 31 28 27 24 true
35 38 41 44 47 48 true
45 42 40 37 34 31 28 true
23 22 19 17 15 13 12 10 true
85 84 81 78 76 73 70 67 true
26 24 21 19 17 15 true
80 83 85 87 89 true
83 84 85 87 89 92 95 true
8 9 11 14 17 18 20 true
75 72 70 69 68 66 true
78 80 81 82 83 85 88 true
42 40 37 34 32 29 28 true
34 31 29 26 23 21 18 15 true
42 41 38 36 35 33 30 29 true
63 66 68 70 71 true
41 39 38 35 32 31 true
62 63 65 67 70 true
61 58 57 55 52 49 48 true
70 73 75 78 81 82 85 true
17 14 12 9 7 4 1 true
2 5 7 8 9 true
43 41 38 37 35 32 true
12 9 7 6 4 true
51 50 49 46 45 43 true
60 57 55 54 51 50 true
81 82 85 86 87 true
71 69 68 66 65 62 59 true
39 42 45 47 48 50 51 true
76 74 71 70 67 true
33 34 36 39 42 45 46 true
62 64 66 68 70 73 76 78 true
83 81 79 76 74 true
47 49 52 54 56 true
85 84 83 82 79 77 74 true
65 63 61 60 57 true
75 77 80 83 85 true
49 51 52 53 54 57 58 61 true
97 96 95 94 92 true
28 27 25 23 20 true
22 23 24 26 29 30 32 true
55 57 59 60 63 64 true
87 88 91 94 95 96 98 true
49 50 52 55 57 60 62 true
67 70 72 75 77 true
71 73 76 78 80 83 84 true
19 21 24 25 28 30 true
23 25 28 29 30 33 true
24 25 27 29 31 true
45 42 40 37 34 32 true
47 49 52 53 54 56 59 true
52 55 56 58 60 true
87 89 92 93 94 96 97 99 true
25 26 29 30 32 true
14 13 10 7 5 2 1 true
19 22 25 27 29 32 33 34 true
10 13 15 16 19 22 23 true
58 55 53 51 50 true
46 44 43 40 39 36 33 true
14 12 10 9 8 5 3 1 true
35 37 40 43 46 47 49 true
56 57 60 63 64 66 68 true
86 88 91 93 95 98 true
78 76 75 73 70 68 65 true
13 16 19 21 22 25 27 28 true
78 80 82 85 88 89 90 true
35 38 40 41 42 43 46 true
84 82 81 80 77 true
39 38 37 35 32 true
93 90 88 87 84 82 true
17 14 13 10 7 4 3 true
92 90 87 86 83 80 79 true
54 52 49 48 46 43 true
62 65 68 69 71 73 true
85 86 89 91 93 94 true
31 33 34 37 39 true
77 80 82 84 85 87 true
32 30 29 26 25 true
28 30 31 32 35 36 37 true
31 33 36 39 42 true
43 40 37 36 34 33 32 29 true
30 27 25 23 21 true
95 93 91 89 88 86 83 true
83 81 80 78 76 73 true
48 50 53 54 56 57 58 61 true
55 52 50 47 44 true
64 65 68 70 71 72 74 true
83 82 81 79 78 75 72 70 true
13 16 17 19 21 23 true
86 87 90 92 93 96 true
56 57 59 61 62 63 64 true
17 19 21 24 26 28 true
52 54 55 58 59 true
11 12 15 18 21 23 26 true
44 43 40 38 36 true
71 74 77 79 80 true
75 72 71 69 67 64 true
8 11 12 15 18 true
29 31 33 35 36 true
23 22 20 17 16 true
27 30 31 32 35 37 38 39 true
52 54 56 58 61 true
57 54 53 50 47 44 42 40 true
52 51 48 45 42 true
63 64 66 69 71 true
87 86 83 80 79 true
58 55 53 52 51 50 48 true
20 22 25 28 30 true
85 86 88 91 92 true
98 97 94 93 90 88 true
7 8 11 14 16 19 20 23 true
46 45 42 41 38 35 32 30 true
49 48 46 44 43 40 true
30 33 34 35 38 39 true
96 95 92 89 87 true
43 41 39 37 35 true
26 24 22 21 18 16 true
60 58 57 56 54 52 49 46 true
99 98 96 93 91 90 true
60 63 65 66 67 69 70 73 true
70 73 75 77 78 79 80 81 true
49 50 52 55 57 59 62 true
15 18 19 21 24 25 28 true
57 56 53 51 48 true
63 65 68 70 73 75 true
86 83 81 78 77 74 true
12 11 10 9 8 6 4 true
5 8 11 14 15 18 true
41 43 46 47 50 true
55 57 58 59 61 63 true
90 89 88 86 84 true
14 17 20 21 23 26 29 true
89 87 86 84 82 80 78 true
52 55 58 60 63 66 true
36 39 40 43 44 46 49 true
23 24 27 28 30 33 36 true
62 64 67 70 72 74 true
34 36 38 39 40 43 44 46 true
73 70 68 67 66 65 64 61 true
40 37 35 33 31 true
31 29 28 27 26 23 22 true
68 70 72 74 76 79 82 83 true
23 26 29 31 32 35 true
93 91 89 88 87 true
17 20 23 24 27 28 30 true
47 48 51 53 54 true
24 21 18 15 12 11 10 8 true
34 35 38 39 40 42 true
68 65 64 62 60 59 true
67 64 62 61 59 57 true
73 76 78 79 80 82 true
44 43 40 38 35 34 31 true
6 9 11 14 16 18 20 true
57 54 52 51 48 45 43 41 true
20 21 23 24 25 28 29 true
20 17 15 13 10 8 true
49 48 45 44 42 39 true
90 87 85 83 82 81 80 79 true
30 32 34 35 36 37 38 40 true
70 67 64 61 58 55 true
80 78 76 74 72 70 69 true
75 74 72 70 68 66 true
61 58 56 53 51 50 true
33 36 38 41 42 44 47 true
27 28 29 31 33 36 37 true
15 16 18 20 22 true
55 53 52 51 50 true
8 11 13 16 18 true
82 83 85 86 89 92 94 true
77 75 72 69 67 64 61 true
76 78 80 82 85 true
96 94 93 92 90 88 87 true
49 50 52 54 55 58 60 true
17 18 19 22 25 28 29 true
73 75 77 80 82 84 true
54 53 50 48 46 true
59 60 62 63 66 68 71 74 true
46 47 50 52 55 58 61 true
43 46 48 50 53 true
91 88 85 82 81 79 78 true
14 15 18 20 22 24 25 true
33 36 38 39 42 43 44 true
77 75 74 72 70 69 true
76 73 70 68 65 62 61 58 true
82 81 79 76 75 74 true
65 66 68 70 72 true
29 31 34 36 37 39 40 43 true
14 11 8 7 6 true
1 3 6 9 12 true
79 77 76 74 73 71 70 true
27 30 32 35 38 40 43 45 true
21 23 25 28 29 30 31 true
92 89 86 85 83 true
56 57 58 61 62 63 64 true
62 63 64 66 68 true
parse: 12.609ms
369
main: 13.23ms
